average packet latency
6541.831097
6547.504026
6569.919786
6592.983855
6599.137255
6602.444474
6619.652331
6615.202603
6628.427065
6643.541238
6663.263839
6684.708977
6709.267700
6739.891574
6772.092046
6816.721764
6872.019115
6945.759066
7044.257925
7207.070507
7554.408545
8621.085859
12959.744731
22271.283484
33559.110647
43686.660698
52868.815936
59710.278859
66451.263828
73365.640878
78077.000917
81531.616841
84621.707666
88421.274631
92163.298694
95656.070488
104180.083795
106862.538518
114726.748971
116404.510584
118313.258158
123674.982292
128127.731069
125656.282766
135450.856665
139572.653744
141802.559567
134882.749004
140151.645036
