average packet latency
7810.262530
7831.578947
7805.068752
7842.596308
7864.869126
7860.876452
7873.412698
7922.355626
7894.632818
7975.188268
7965.424386
7954.933649
7993.648575
7987.085288
8031.768611
8076.240959
8048.803247
8123.991891
8153.105059
8207.434385
8247.578876
8286.632344
8318.103478
8382.853360
8479.689538
8525.984108
8627.444083
8682.410654
8841.806906
9123.413873
9752.925396
10334.824518
12121.998600
19438.075135
27721.919456
32294.141740
41891.934366
49063.216535
62356.462949
69142.540603
76669.652752
82071.867918
85411.374114
92511.284642
101377.555312
103852.749334
112715.050012
117582.158749
124693.769441
