average packet latency
7505.632040
7515.362686
7527.760051
7536.860502
7546.013810
7556.664216
7568.259693
7580.331865
7590.089460
7600.561125
7613.640268
7625.851766
7641.457396
7652.392947
7671.867147
7692.741492
7712.619672
7736.267384
7767.390657
7800.465497
7836.341829
7892.501573
7954.514364
8030.444934
8128.310675
8250.078538
8411.842044
8622.075006
8912.814784
9408.883206
10313.502999
12528.711938
19535.579345
63382.796023
125465.347744
188818.610594
252361.000996
314101.230278
370147.871981
422008.188409
473155.917815
523119.450496
569260.235126
612862.548828
655704.477163
695352.163462
733245.342548
768249.211238
802033.766526
