average packet latency
7505.632040
7505.632040
7505.632040
7505.632040
7505.632040
7505.632040
7505.632040
7505.632040
7505.632040
7505.632040
7505.632040
7505.632040
7505.632040
7505.632040
7505.632040
7505.632040
7505.632040
7505.632040
7505.632040
7505.632040
7505.632040
7505.632040
7505.632040
7505.632040
7505.632040
7505.632040
7505.632040
7505.632040
7505.632040
7505.632040
7505.632040
7505.632040
7505.632040
7505.632040
7505.632040
7505.632040
7505.632040
7505.632040
7505.632040
7505.632040
7505.632040
7505.632040
7505.632040
7505.632040
7505.632040
7505.632040
7505.632040
7505.632040
7505.632040
