average packet latency
8273.354232
8273.854962
8328.899766
8306.279809
8330.342577
8358.256593
8379.509901
8386.850394
8421.776784
8441.150470
8466.779312
8479.663945
8519.279027
8572.119909
8604.023061
8671.575731
8728.953493
8805.208880
8870.408298
8977.416016
9097.463963
9245.983364
9401.365188
9641.950874
9979.091092
10485.354790
11156.599032
12177.804725
14979.896112
25212.865965
78108.634634
141195.185723
216452.053230
290497.753604
344070.101106
409025.727418
462829.820526
516951.011306
567086.380701
621365.581231
666732.418880
711078.403473
749623.305532
794514.301750
826337.850148
864865.389809
896721.751676
929213.775394
962102.489110
