average packet latency
9795.611285
9778.466921
9863.481592
9800.891294
9866.135308
9883.233846
9906.213259
9936.288416
9998.009220
10024.093722
10067.847115
10087.522254
10136.944981
10267.827529
10336.377696
10478.208897
10619.705817
10831.066196
10923.113800
11359.920286
11885.913174
12667.065629
14392.665792
17019.574636
35767.864440
93427.994801
172989.601516
251228.872098
334207.732256
399593.625250
471229.615337
516096.964963
590450.003745
637230.704365
708327.880584
753347.368552
802481.317969
843309.255388
894603.334665
936125.843455
979974.285500
1000816.740110
1042157.373450
1082074.923050
1105995.246294
1136496.287345
1157112.992741
1193837.444813
1224207.107904
