average packet latency
8273.466834
8299.334812
8279.514997
8282.809024
8282.458564
8297.846639
8309.270448
8327.093983
8333.915840
8343.212056
8362.035393
8372.378905
8388.797484
8403.976787
8423.780999
8446.051649
8471.254806
8491.262713
8524.057885
8556.922206
8590.433348
8646.499185
8709.330962
8783.184215
8881.099864
9003.190255
9165.611618
9376.156680
9667.624791
10164.283768
11067.666430
13283.363767
20286.329109
64127.095182
126200.595932
189546.550525
253082.110445
314814.620355
370855.248328
422718.609718
473861.957890
523820.671262
569957.431024
613556.082490
656394.558909
696038.756268
733928.281652
768928.638506
802724.175494
